701 594
701 594
701 594
701 594
701 594
701 594
701 594
701 594
701 594
701 594
701 594
701 594
701 594
701 594
701 594
701 594
701 594
701 594
701 594
701 594
701 594
701 594
701 594
703 590
705 584
705 584
707 577
707 577
709 568
711 555
711 555
711 541
711 541
711 526
711 526
708 507
708 507
707 494
707 494
707 480
709 467
709 467
712 456
714 445
714 445
717 434
717 434
719 425
719 425
723 413
726 400
728 387
728 387
731 372
731 372
733 359
733 359
735 344
738 328
739 314
739 314
739 299
739 299
739 286
739 275
739 275
739 265
739 265
739 251
739 251
737 238
735 225
733 208
733 208
730 190
729 176
729 176
729 163
729 152
729 152
730 144
731 136
731 136
732 129
732 129
733 124
734 117
734 117
736 110
736 110
738 101
738 101
739 91
739 91
740 79
740 79
741 69
741 69
741 61
741 54
741 54
741 49
741 49
741 44
742 39
742 39
742 34
742 34
742 30
742 30
742 24
742 20
742 20
742 16
742 14
742 14
742 13
742 12
742 12
742 12
742 12
742 12
742 12
742 12
742 12
742 12
742 12
742 12
742 12
742 12
742 12
742 12
742 12
742 12
742 12
743 12
743 12
748 21
748 21
751 31
751 31
753 42
753 42
755 54
755 54
759 67
759 67
761 79
763 93
763 93
765 102
768 116
768 116
769 129
770 142
770 142
771 157
772 170
772 170
773 184
774 194
775 204
775 204
776 212
776 219
776 219
777 226
777 226
777 232
777 232
777 239
777 247
777 247
777 255
777 255
778 263
780 271
780 271
780 278
780 278
780 285
780 285
780 292
780 292
780 298
780 298
780 305
781 312
781 312
781 320
781 320
781 328
781 335
781 335
781 342
781 342
782 347
783 356
783 356
784 362
785 368
785 368
785 373
785 373
785 380
785 380
786 386
786 391
786 391
786 398
786 405
786 405
787 410
788 417
788 417
788 424
788 424
788 431
788 436
788 436
788 441
788 441
788 447
788 452
788 452
788 459
788 459
788 466
787 473
787 473
785 479
784 484
784 484
783 491
783 491
782 497
782 497
780 502
778 508
778 508
776 514
776 514
775 520
775 520
774 525
774 525
773 531
772 535
772 535
771 540
771 540
770 545
770 545
769 551
769 556
769 556
768 562
768 562
767 567
767 567
766 572
766 572
766 573
766 575
766 575
766 577
766 579
766 579
766 581
766 581
766 582
766 582
766 584
766 586
766 586
766 589
766 589
766 590
766 593
766 593
766 595
766 595
766 598
766 601
766 601
766 605
766 605
766 607
766 607
766 608
766 608
766 610
766 610
766 610
766 610
766 610
766 610
766 610
766 610
766 610
766 610
766 610
766 610
766 610
766 610
766 610
766 610
766 610
766 610
766 610
766 610
766 610
766 610
766 610
766 610
766 610
766 610
766 605
766 598
766 598
767 592
767 592
768 586
768 586
768 575
768 564
768 564
770 556
771 548
771 548
772 540
772 540
774 531
774 531
776 523
776 523
778 515
780 507
780 507
782 497
784 486
785 477
785 466
785 466
786 458
787 450
787 450
787 443
788 436
788 436
788 431
788 431
788 425
788 425
788 420
788 413
788 406
788 406
788 398
788 398
788 389
788 389
786 379
786 379
785 370
783 360
783 360
783 360
782 352
782 345
782 339
782 339
782 333
782 333
782 328
782 328
782 322
782 316
782 316
782 309
782 309
782 301
782 293
782 293
782 285
782 285
783 277
784 270
784 270
785 263
787 257
788 252
788 252
789 246
789 246
790 240
790 240
790 235
791 227
791 227
792 219
793 210
793 210
794 204
794 204
794 198
794 198
794 193
794 193
794 187
794 182
794 182
794 176
794 176
794 171
794 171
794 166
794 160
794 160
794 155
794 148
794 148
794 141
794 141
794 133
794 133
793 126
793 121
793 121
793 114
793 109
793 109
793 102
793 96
793 91
793 91
793 86
793 86
793 83
793 83
793 80
793 76
793 76
793 70
793 70
793 65
793 59
793 59
793 54
793 54
793 48
793 43
793 43
793 39
793 39
793 35
793 35
793 29
792 27
792 27
792 26
792 26
792 24
792 23
792 23
792 22
792 22
792 22
792 21
792 19
792 19
792 18
792 18
792 18
792 18
792 17
792 16
792 16
792 16
792 16
792 16
792 16
792 16
792 16
792 16
792 16
792 16
792 16
792 16
792 16
792 16
792 16
792 16
792 16
792 16
792 23
792 23
793 32
794 40
794 40
794 49
794 49
796 59
796 59
797 67
798 75
798 75
798 75
798 87
799 100
799 100
800 112
802 126
802 126
804 139
807 154
807 154
808 167
810 182
811 194
811 194
812 205
812 214
812 214
812 222
812 222
812 232
812 232
811 241
810 251
810 251
809 260
808 268
808 268
806 277
806 277
806 285
806 285
805 293
805 293
804 301
804 308
804 308
804 315
805 321
805 321
805 328
805 334
805 334
806 339
806 339
807 345
807 345
808 352
809 360
809 360
810 368
812 376
812 376
813 384
814 393
814 393
815 398
816 404
816 404
818 411
820 418
820 418
820 418
821 425
822 432
822 432
823 437
823 443
823 443
823 448
823 448
823 455
823 460
823 460
823 466
823 466
823 471
823 471
823 475
823 475
823 480
823 484
823 484
823 489
823 489
823 494
823 494
825 504
825 504
826 509
826 509
827 515
827 515
828 522
828 527
828 527
828 533
828 533
829 538
829 538
829 542
830 548
830 552
830 552
830 556
830 556
830 560
830 560
830 564
830 564
830 569
830 569
830 573
830 577
830 577
829 583
829 583
828 587
827 591
827 591
826 596
824 600
824 600
823 603
823 603
822 606
822 606
821 609
820 612
820 612
818 614
818 617
818 617
817 620
816 622
816 622
816 623
816 623
815 624
815 624
815 624
815 625
815 625
815 625
815 625
815 626
815 626
815 626
815 626
815 626
815 626
815 626
815 626
815 626
815 626
815 626
815 626
815 626
814 626
814 626
814 626
814 626
814 624
814 624
814 619
814 615
814 615
815 610
815 610
817 604
817 604
819 599
819 599
821 590
823 581
823 581
826 569
828 556
828 556
829 543
829 530
829 530
829 515
829 502
829 502
828 491
827 482
827 482
827 474
827 474
827 467
827 467
827 459
828 451
828 451
829 441
829 441
829 431
829 420
829 420
829 408
829 408
827 396
825 385
825 385
823 377
823 377
822 369
822 369
820 362
820 362
819 354
818 347
818 340
818 340
817 332
817 324
817 324
816 316
816 316
815 307
815 307
814 298
812 288
812 288
811 280
811 280
811 272
811 267
811 261
811 261
811 256
811 256
811 249
811 249
811 242
811 242
811 236
811 236
811 228
811 228
812 219
812 219
812 211
812 203
813 195
813 195
813 189
813 189
814 183
815 177
815 177
816 172
816 172
817 166
818 160
818 160
818 155
818 155
818 148
818 142
818 135
818 135
818 128
818 128
818 121
817 114
817 114
816 110
816 105
816 105
816 99
816 99
816 94
815 88
815 88
815 83
814 77
814 77
813 70
813 70
812 65
812 59
812 59
811 55
811 55
810 49
810 49
809 45
808 39
808 34
808 31
808 31
808 31
808 30
808 30
808 28
808 27
808 26
808 26
808 24
808 24
808 23
808 22
808 22
808 21
808 19
808 19
808 18
808 18
807 17
807 17
807 17
807 17
807 17
807 17
807 17
807 17
807 17
807 17
807 17
807 17
807 17
807 17
807 17
807 17
807 17
807 17
807 17
808 22
808 22
810 30
812 39
812 39
816 49
819 63
819 63
824 82
829 106
829 106
830 126
832 139
833 154
835 169
835 169
835 183
835 183
835 199
835 199
835 213
834 227
834 227
834 240
833 254
833 254
832 263
832 263
831 274
831 286
831 286
830 294
830 294
828 302
828 302
827 310
827 318
827 327
827 327
827 335
827 335
827 343
827 351
827 351
827 359
828 366
828 366
828 372
828 378
828 378
828 383
828 389
828 395
828 395
828 402
829 409
829 409
830 416
830 423
830 423
830 429
830 429
830 436
830 436
830 443
830 448
830 448
829 454
829 454
829 459
829 459
829 465
829 470
829 470
829 476
829 481
829 481
829 487
829 487
829 492
829 492
829 498
829 502
829 502
829 505
829 505
828 509
827 515
827 515
827 520
827 526
827 526
827 531
827 535
827 535
827 541
827 545
827 545
827 549
827 554
827 554
827 561
827 561
827 568
827 568
830 576
830 576
832 583
832 583
833 589
833 589
834 595
835 600
835 600
836 603
836 603
837 606
837 608
837 611
837 611
838 613
838 613
838 614
838 614
838 615
838 615
838 617
838 618
838 618
838 619
838 620
838 620
838 620
838 620
838 622
838 622
838 622
838 622
838 622
838 622
838 622
838 622
838 622
838 622
838 622
838 622
838 622
838 622
838 622
838 622
837 621
837 621
837 621
837 621
837 619
837 619
837 614
837 614
837 609
837 609
839 604
839 604
841 598
841 598
843 590
844 581
845 572
845 572
846 564
846 564
848 554
848 554
848 545
848 545
848 532
848 532
849 520
851 509
853 499
856 491
856 491
858 483
861 474
861 474
862 466
863 459
863 459
864 451
864 443
864 443
864 435
863 427
863 427
861 417
861 417
859 409
858 400
858 400
858 392
858 392
857 382
857 382
857 374
857 366
857 366
856 358
856 358
855 350
855 350
854 342
854 342
852 332
850 321
850 321
848 309
848 309
846 299
844 291
844 291
843 284
843 284
843 279
843 273
843 273
843 268
843 268
842 264
842 258
842 253
842 253
842 247
842 247
841 242
841 242
841 235
840 229
840 229
839 224
839 224
838 217
838 217
838 212
838 206
838 201
838 201
837 195
837 195
837 187
837 187
837 182
837 174
837 174
837 166
837 166
836 160
836 160
835 154
835 149
835 149
835 144
835 138
835 138
835 133
835 133
835 129
835 124
835 124
836 120
837 114
837 114
837 109
837 109
837 102
837 102
837 95
837 90
837 90
837 81
837 81
837 78
836 77
836 77
836 75
836 75
836 74
836 74
836 72
836 71
836 71
836 70
836 69
836 69
836 67
836 67
836 66
836 64
836 64
836 63
836 63
835 61
835 61
835 61
834 59
834 59
834 58
834 57
834 57
832 54
831 53
831 53
831 52
831 52
831 52
831 52
831 52
831 52
831 52
831 52
831 52
831 52
831 52
831 52
831 52
831 52
831 52
831 52
831 52
831 52
831 52
831 52
831 52
831 52
831 57
833 66
833 66
835 75
835 75
837 90
837 90
840 108
841 131
841 131
842 153
842 153
845 174
850 200
850 200
853 226
856 251
856 251
859 280
862 303
862 303
864 315
865 328
865 328
866 343
866 343
866 357
866 371
866 371
866 384
866 384
867 396
867 409
867 409
867 421
867 430
867 430
865 439
865 439
864 446
864 452
864 452
863 458
863 458
863 463
863 463
863 469
863 469
863 474
863 479
863 479
864 484
864 488
864 488
866 494
866 501
866 501
868 508
868 515
868 515
870 522
870 522
871 528
872 534
873 541
873 541
874 547
875 552
875 552
876 558
877 563
877 563
878 569
878 569
878 576
878 576
878 581
878 587
878 587
877 592
877 592
877 596
877 596
876 600
875 603
875 603
875 605
875 606
875 606
875 607
875 607
875 609
875 609
875 610
875 611
875 611
875 613
875 614
875 614
875 614
875 614
874 614
874 614
874 614
874 614
874 614
874 614
874 614
874 614
874 614
874 614
874 614
874 614
874 614
874 614
873 614
873 614
873 614
873 614
873 614
873 614
873 611
873 611
873 607
875 606
